#timestep time dt l2_scalar linf_scalar cons_scalar dsdu_ut 
0 0.0 1.0 5.75134288762094e-18 8.326672684688674e-17 0.0 -6.334047771591939e-17
10 0.29546696767416053 0.027923650394862883 0.0012368043527681229 0.006114221486714325 7.216449660063518e-16 -1.369966434447813e-5
20 0.5702791375656964 0.027286388751660957 0.0012982515434184774 0.007391489520665595 1.2212453270876722e-15 -1.351924022717152e-5
30 0.8426029895364737 0.02721214707696792 0.0014567604955881758 0.008785801960687234 1.7208456881689926e-15 -1.6850897448410904e-5
40 1.11465311476905 0.027211882323911352 0.0013899389114044316 0.006319284052238694 2.3869795029440866e-15 -1.834392873186508e-5
50 1.3867378194530993 0.027214950451267143 0.0013592104399010282 0.006015651800239108 2.6645352591003757e-15 -1.811746744973322e-5
60 1.6588981020849316 0.027216358150025887 0.001289502152650567 0.004944087584408563 3.219646771412954e-15 -1.45130266095677e-5
70 1.9311470355272842 0.027223986296642525 0.0013742698101916282 0.007070201835672196 3.608224830031759e-15 -1.3357067015387163e-5
80 2.2034879596840384 0.027237168601589846 0.0015164499853347342 0.0077341537635453594 4.3298697960381105e-15 -1.4297646601360727e-5
90 2.4759203792418765 0.027250143726020085 0.0015942128841781836 0.007247282102505248 4.6074255521944e-15 -1.752235209825058e-5
100 2.7484381720120767 0.027258875132027637 0.001621972719788858 0.006975357232787083 5.384581669432009e-15 -1.8230565982508737e-5
110 3.021039528066711 0.02726402575137393 0.0015527404525926102 0.006574026317341386 5.717648576819556e-15 -1.642640155566083e-5
120 3.2937231997193797 0.027269312305172155 0.0015945141412409582 0.005960610955750734 6.161737786669619e-15 -1.3674538905884305e-5
130 3.5664946146727607 0.027279591752268215 0.0016801407024842412 0.007025267159937787 6.661338147750939e-15 -1.3319302955217688e-5
140 3.839351896417985 0.02729020930173518 0.0018391897952968785 0.007104710606514408 7.105427357601002e-15 -1.5658594556088876e-5
150 4.112293650224134 0.027299180973236963 0.0019037543619443464 0.007570089848603079 7.494005416219807e-15 -1.744895976649657e-5
160 4.385316845948385 0.027306693467140472 0.001916339166368643 0.007861527154915504 8.215650382226158e-15 -1.703765648846528e-5
170 4.658421530242748 0.027313415066164536 0.0019068074565808757 0.0064582897424633745 8.1601392309949e-15 -1.4397288834759256e-5
180 4.931609406431873 0.027322263439255007 0.001965164196548869 0.007107097641515403 9.103828801926284e-15 -1.3236117281304507e-5
190 5.2048790550954935 0.027331031483417458 0.0021083193489380217 0.006950935275486514 9.825473767932635e-15 -1.4389648996663675e-5
200 5.478229701590252 0.02733830014802585 0.0022135836436475245 0.007826916662608041 1.0103029524088925e-14 -1.66983303120918e-5
210 5.751660085288048 0.02734610549791187 0.00227286717322837 0.008867629478954697 1.0602629885170245e-14 -1.7021722913613396e-5
220 6.02517099001034 0.02735468757606514 0.0022561826446017594 0.00793550183159425 1.1268763699945339e-14 -1.5131302893472683e-5
230 6.29876301249611 0.027363665586635093 0.0023024070239646512 0.0071571375499797085 1.149080830487037e-14 -1.334126042795876e-5
240 6.5724341171840175 0.027371976365380336 0.0024032653834252277 0.006997768904000612 1.199040866595169e-14 -1.3717571736932e-5
250 6.846181782189519 0.027377235317009276 0.002541552782856474 0.007821739838009267 1.2323475573339238e-14 -1.5804287493573503e-5
260 7.120007131444579 0.02738396793384758 0.0026181459096591762 0.009606299334305235 1.2823075934420558e-14 -1.6659542388442157e-5
270 7.393911785522234 0.027393627781372623 0.0026316722027494898 0.009177284094342264 1.3489209749195652e-14 -1.543423123806162e-5
280 7.667895666952797 0.027403536124472123 0.0026542858019431383 0.007512208888808325 1.3988810110276972e-14 -1.3491652915198493e-5
290 7.941957439398718 0.027412128370462894 0.0027292020620362095 0.008149288716238545 1.4654943925052066e-14 -1.3416905034041714e-5
300 8.216092402416717 0.027416106620408102 0.002869503729555237 0.0082891607662392 1.4988010832439613e-14 -1.5128108454254253e-5
310 8.490301194769765 0.027420988622233314 0.0029571950943934285 0.010206330729991886 1.559863349598345e-14 -1.6308435379216654e-5
320 8.76458797324685 0.02743079255416463 0.0030011821799792266 0.010228402047074203 1.582067810090848e-14 -1.549284131490688e-5
330 9.038953134024766 0.027442257822887083 0.0030067585401443724 0.008397528765028417 1.637578961322106e-14 -1.3587206063196583e-5
340 9.313394638589486 0.027451178744371155 0.0030802172679098845 0.008525039697629189 1.7263968032921184e-14 -1.326232458594926e-5
350 9.587906440290235 0.027453987733947575 0.0031968118168794464 0.009148986997574715 1.7486012637846216e-14 -1.4601624586885187e-5
360 9.86248899695018 0.02745732688844479 0.003304625144086425 0.010762667189339603 1.8318679906315083e-14 -1.6000606146508555e-5
370 10.137147311066522 0.02746712079610747 0.003354836826355274 0.011120000751585257 1.8596235662471372e-14 -1.534352938313594e-5
380 10.411883752443211 0.027479695364022585 0.0033679910725339848 0.00891155717479597 1.9040324872321435e-14 -1.3679661936025905e-5
390 10.686694849039283 0.027488888077169763 0.003430366675550639 0.00914090437727788 1.942890293094024e-14 -1.309708502233737e-5
400 10.96157355814685 0.027490805267354843 0.003530426770657534 0.01001438054571746 2.0261570199409107e-14 -1.4278660411216424e-5
410 11.236519856574423 0.027492935774558493 0.0036465599118641803 0.011364661951590471 2.0539125955565396e-14 -1.5647339690341374e-5
420 11.511540291750022 0.02750272029183679 0.0036938101701403533 0.011903292628043627 2.1149748619109232e-14 -1.5128698744842906e-5
430 11.786638082281582 0.02751619221124338 0.003725976183191322 0.009699662171985812 2.1371793224034263e-14 -1.3695393561446653e-5
440 12.061808716965364 0.02752539349121003 0.0037752027783427063 0.00982875771593883 2.2037927038809357e-14 -1.2967764295303358e-5
450 12.337044089615974 0.027526187678737792 0.003880966424671206 0.010727646384546596 2.2648549702353193e-14 -1.4154889739276776e-5
460 12.612344630081026 0.027527575796544405 0.003981395782392612 0.01206747799293273 2.3148150063434514e-14 -1.5229998850761067e-5
470 12.887718085713287 0.027537871516426744 0.004034556338644066 0.01259252541194339 2.3592239273284576e-14 -1.4943308585292148e-5
480 13.163167748024104 0.027551981515415026 0.004068668071461909 0.01063026669491074 2.403632848313464e-14 -1.3540431342111628e-5
490 13.438688067840198 0.027560633389328976 0.004121824639099423 0.010915357666071435 2.453592884421596e-14 -1.3041586667227045e-5
500 13.714269984883714 0.02756006721203735 0.004228011265077562 0.01163418454657672 2.4980018054066022e-14 -1.4028395551410767e-5
510 13.989915333671323 0.02756135324904527 0.004312773691546884 0.012901500927948284 2.5590640717609858e-14 -1.4880073694345975e-5
520 14.26563312525434 0.027572720722727657 0.004369498581576961 0.01312329721282779 2.603472992745992e-14 -1.4572513749560277e-5
530 14.541425350963634 0.027586989868269164 0.004397447103373167 0.011029608623952636 2.6423307986078726e-14 -1.3308714516565776e-5
540 14.817285123512487 0.027594297536225876 0.004469535626629077 0.011778771510341346 2.7033930649622562e-14 -1.3203708406400315e-5
550 15.093203680373154 0.027592326272399093 0.004568936346722464 0.012520178252249825 2.7533531010703882e-14 -1.3983857172821216e-5
560 15.369184861409462 0.027594553565713904 0.004652926425967551 0.013852954638866155 2.808864252301646e-14 -1.4699172458120663e-5
570 15.645238231408767 0.027607548674431024 0.004694742505790422 0.013411644587972393 2.842170943040401e-14 -1.4034429642276192e-5
580 15.92136417739802 0.0276215115552264 0.004726313945585934 0.011594733473687446 2.90878432451791e-14 -1.3143544847585312e-5
590 16.19755343805034 0.02762618734602823 0.004807750211433703 0.012745882595657676 2.9476421303797906e-14 -1.3254542062365337e-5
600 16.473798537267154 0.027623043787421094 0.004905550042167107 0.013183702097381178 3.0031532816110484e-14 -1.4098157484916315e-5
610 16.750106506533914 0.02762739981264873 0.004984973414366616 0.014755064822838171 3.008704396734174e-14 -1.4430004328285623e-5
620 17.026486946620956 0.02764215133123157 0.005011612465661623 0.013341349291948246 3.0808688933348094e-14 -1.3523874902806846e-5
630 17.302937459315356 0.027654891325892376 0.005056296548400662 0.012511311342242593 3.1530333899354446e-14 -1.2953806702810464e-5
640 17.57944640935893 0.027655997805602846 0.005139141312979855 0.013594151340953875 3.191891195797325e-14 -1.3291455087570403e-5
650 17.85600966077053 0.02765292403999955 0.005242104612771992 0.014329890929919431 3.269606807521086e-14 -1.4242881246306834e-5
660 18.132637331631038 0.02766062553735703 0.0053053050598440435 0.01542404092997307 3.297362383136715e-14 -1.4087640162415411e-5
670 18.409336758411957 0.027676431446117547 0.005331469364358376 0.013151531498626357 3.3584246494910985e-14 -1.3205923391473168e-5
680 18.68610171567273 0.027686236670150577 0.005382678659483836 0.013532280918518436 3.419486915845482e-14 -1.2766298533294432e-5
690 18.96292002734482 0.027683779017434653 0.005470492773779103 0.013966102146773851 3.425038030968608e-14 -1.3416864746465657e-5
700 19.23979298445248 0.027682715284056296 0.005567213046843497 0.01524443796239694 3.5083047578154947e-14 -1.413696475884447e-5
710 19.516732798459763 0.02769448051770234 0.005613081454148359 0.015616448182512566 3.558264793923627e-14 -1.3712814203233406e-5
720 19.793742264227642 0.027709636001096362 0.005647210911248938 0.013676109414034743 3.602673714908633e-14 -1.2929343544811696e-5
730 20.070811256175613 0.027714850952573703 0.005707648372335853 0.014684096189402251 3.674838211509268e-14 -1.2772721724743432e-5
740 20.34793000139492 0.027710201552337225 0.0058052103606714795 0.014981220451332877 3.7136960173711486e-14 -1.3574481433718116e-5
750 20.625106171776398 0.0277134740270736 0.005880534884850057 0.016557640935975226 3.7414515929867775e-14 -1.3848583231973466e-5
760 20.90235112930257 0.02772866809702994 0.005917484429425511 0.015043157548421782 3.824718319833664e-14 -1.3314482817749263e-5
770 21.179661933081597 0.027741236973575837 0.005959109554900729 0.014405236367296181 3.8469227803261674e-14 -1.270621667607685e-5
780 21.45702524642313 0.027740571186895505 0.0060364768766879235 0.01565385679704623 3.913536161803677e-14 -1.3000289352752686e-5
790 21.73443795643575 0.027736908544169592 0.006130227158895678 0.01634064846071237 3.9468428525424315e-14 -1.3605530148700414e-5
800 22.011912415904856 0.027746062356962975 0.006181574923710605 0.017103523075326588 4.0245584642661925e-14 -1.3478414251975703e-5
810 22.289455077114518 0.027762049956728763 0.006216478592412316 0.014898235840095642 4.063416270128073e-14 -1.2859993297204952e-5
820 22.567056784570784 0.027769111439579858 0.006271307289088548 0.01595831728377628 4.0967229608668276e-14 -1.2660589407954143e-5
830 22.844705404827895 0.02776420930536871 0.006365548558521225 0.016022162223008674 4.163336342344337e-14 -1.3239949961570419e-5
840 23.122406749447176 0.027765366169326622 0.006442150102580944 0.01751542503610648 4.207745263329343e-14 -1.350217919471181e-5
850 23.400173792474334 0.02777984957068859 0.006478855636499428 0.016472883317272313 4.268807529683727e-14 -1.3068597763940537e-5
860 23.678005167461727 0.02779314812799307 0.006515876688492738 0.015584476929907942 4.313216450668733e-14 -1.2539228481379429e-5
870 23.955886965328965 0.027792812246737034 0.0065899460421250215 0.016757263070992123 4.368727601899991e-14 -1.280261753524125e-5
880 24.233814839197453 0.027788395951575014 0.006683525398416955 0.017528841291854058 4.4075854077618715e-14 -1.3318240876300795e-5
890 24.511801599057534 0.027797031604917522 0.0067376724639132725 0.018249408755017793 4.474198789239381e-14 -1.3232232990045834e-5
900 24.789854436992037 0.027812987805419624 0.00676934763714939 0.016222073660221437 4.524158825347513e-14 -1.2641458818982553e-5
910 25.06796378031054 0.027819615540502322 0.0068213609595722275 0.017026493780487484 4.568567746332519e-14 -1.2499915975847763e-5
920 25.34611715461741 0.027814152581189616 0.00691216082085405 0.01702605864307527 4.618527782440651e-14 -1.298744141280464e-5
930 25.624321353839708 0.02781577509876223 0.006986039129456705 0.018684755075378368 4.668487818548783e-14 -1.322151590591597e-5
940 25.902589571021018 0.027830649943600634 0.007023412785842556 0.017206857828746536 4.718447854656915e-14 -1.2806605958427669e-5
950 26.18091913733043 0.02784293804105484 0.0070620960407437395 0.016998318647956867 4.773959005888173e-14 -1.23739266806517e-5
960 26.459295431795198 0.027841008541834664 0.007137283123523677 0.0180820411365068 4.8128168117500536e-14 -1.2656681932107783e-5
970 26.73771617150223 0.027837220437050315 0.007223638345158309 0.01873906394724334 4.8405723873656825e-14 -1.3060652033523162e-5
980 27.01619541576784 0.027847557958768192 0.007270064520536448 0.01908417271120011 4.912736883966318e-14 -1.2939914545181397e-5
990 27.294738338660082 0.027862801224517963 0.007303894801711854 0.017090592060140963 4.9682480351975755e-14 -1.2406160315504323e-5
1000 27.573333290170318 0.027866685480371002 0.00736361939006936 0.018533793078587935 5.012656956182582e-14 -1.2396910602761185e-5
1010 27.851969852015593 0.027860800231415364 0.007453620832103597 0.018761644701122737 5.057065877167588e-14 -1.2794588209586019e-5
1020 28.130658244815276 0.027865315028684123 0.007516820217626238 0.019937049848783972 5.10702591327572e-14 -1.2907037500944316e-5
1030 28.409409858034724 0.027880987388173597 0.007547155085526861 0.01763125173115132 5.156985949383852e-14 -1.2508888743271301e-5
1040 28.688218161715294 0.027890152495394366 0.007592990925102735 0.01853418879564983 5.218048215738236e-14 -1.2269864032620273e-5
1050 28.967068645176308 0.027885480326545125 0.007673674340897372 0.018509394014885383 5.256906021600116e-14 -1.2599710167768061e-5
1060 29.245964835119242 0.027884715389085164 0.007752634041296719 0.019870107475092658 5.3013149425851225e-14 -1.2784840140577609e-5
1070 29.524921216390386 0.02789815499719465 0.007789816325220523 0.019163046527889804 5.35682609381638e-14 -1.2543236238542893e-5
1080 29.803937499727777 0.027911174006404398 0.007826148934127426 0.01861125763127336 5.4067861299245124e-14 -1.2161390640693208e-5
1090 30.082998996362836 0.02791001760732943 0.007895864682599722 0.0200045258471111 5.4511950509095186e-14 -1.239390499195587e-5
1100 30.362101673583933 0.027905648956895276 0.00797993320474706 0.02035753853269484 5.490052856771399e-14 -1.2701702213057178e-5
1110 30.641259650050767 0.027915260076822348 0.008028645677995234 0.020622194807822958 5.5566662382489085e-14 -1.2581964130162215e-5
1120 30.920478820263796 0.027930161737048327 0.008058895400790068 0.018685664742878694 5.589972928987663e-14 -1.2160869316375253e-5
1130 31.199747358223803 0.027933495998730493 0.008119373966292075 0.02022330898106428 5.645484080218921e-14 -1.2124817375080009e-5
1140 31.479055149810932 0.027927608377778423 0.008202501641564967 0.02050569789685852 5.717648576819556e-14 -1.252073926954339e-5
1150 31.758413265385727 0.027932943031863552 0.008262770027999732 0.021432521023590445 5.750955267558311e-14 -1.2541877618873272e-5
1160 32.03783254745557 0.027948342628047903 0.008289969978163779 0.01894821710924033 5.828670879282072e-14 -1.2260592040135125e-5
1170 32.31730474090015 0.027955597352706085 0.008340843221523843 0.020528069382309222 5.867528685143952e-14 -1.2039291043010152e-5
1180 32.59681596949722 0.027950038696602772 0.008421970512146309 0.02015480129221725 5.906386491005833e-14 -1.2329520680028766e-5
1190 32.876372776587154 0.027951471123602245 0.008491944431069834 0.021688566565096323 5.967448757360216e-14 -1.2416709438904113e-5
1200 33.15598894844763 0.027965911512383933 0.008524633046580243 0.019699375489417914 6.011857678345223e-14 -1.2176230126766506e-5
1210 33.43566067532196 0.027976225609982624 0.008563165496730266 0.02054288089983969 6.056266599330229e-14 -1.1996899665443067e-5
1220 33.71537294308346 0.02797246761484363 0.008639677816481454 0.02109051344065438 6.100675520315235e-14 -1.2195009414463134e-5
1230 33.99512732680975 0.027970809719449305 0.008712138349531112 0.02162216768551395 6.156186671546493e-14 -1.2425182363935422e-5
1240 34.27493854548563 0.02798328906356502 0.008752937751776935 0.021105309451300125 6.211697822777751e-14 -1.2133412234857036e-5
1250 34.55480721766093 0.027995862384154045 0.008785971518657603 0.020713941905429634 6.27831120425526e-14 -1.1902554565334025e-5
1260 34.834718530803485 0.027994440810073958 0.008857202902772277 0.021768843879309552 6.322720125240266e-14 -1.1977970206116509e-5
1270 35.114668905931296 0.027990578171157923 0.008934618466674527 0.022365597273644844 6.361577931102147e-14 -1.2296062320083041e-5
1280 35.39467323799535 0.028000859939928097 0.008977871765429801 0.02225047129826796 6.405986852087153e-14 -1.2169259661857362e-5
1290 35.6747358765881 0.0280145746707574 0.009008155388343009 0.020664082893043778 6.461498003318411e-14 -1.1892280875356286e-5
1300 35.95484356045215 0.028015650393962047 0.009069647396550976 0.02213219836344804 6.522560269672795e-14 -1.1911948358402733e-5
1310 36.23498917725089 0.02801076202810205 0.00915185074534078 0.0228051438946838 6.572520305780927e-14 -1.2099033163249769e-5
1320 36.51518575447644 0.02801865726601645 0.00920020037171451 0.02308316212202044 6.622480341889059e-14 -1.209309768828229e-5
1330 36.79544036949861 0.028032881999913814 0.009230201959745025 0.021176414600398263 6.666889262874065e-14 -1.1804241790210267e-5
1340 37.0757422167968 0.02803629982977159 0.009285027918692998 0.022794717206203186 6.733502644351574e-14 -1.186380691988853e-5
1350 37.35608107756139 0.02803083089275064 0.00936537756797078 0.02307386466027539 6.772360450213455e-14 -1.2039371389587633e-5
1360 37.63646857029289 0.02803677602844947 0.00941924177425427 0.023694887707004564 6.816769371198461e-14 -1.2044052900877372e-5
1370 37.9169141959538 0.028051112863601728 0.00944747865823979 0.021673178052087683 6.861178292183467e-14 -1.1748952903618281e-5
1380 38.19740823146962 0.02805625781072072 0.009500655308111092 0.02313313181749721 6.905587213168474e-14 -1.1697042822868258e-5
1390 38.477939145979036 0.028050899289132736 0.009578261854792942 0.023250186260902028 6.972200594645983e-14 -1.1934403429646363e-5
1400 38.75851638572208 0.02805508501090151 0.00963671023952556 0.024159424320949807 7.049916206369744e-14 -1.1966973098424892e-5
1410 39.03915137536021 0.02806933894103642 0.009662602234436822 0.02182916237371757 7.061018436615996e-14 -1.1772447338789865e-5
1420 39.319836157813825 0.028075757685797006 0.009711835382969136 0.02359897824459667 7.116529587847253e-14 -1.1635439870981076e-5
1430 39.60055763902512 0.028070654770623538 0.009789386230579759 0.023409718599726292 7.177591854201637e-14 -1.1828540832998363e-5
1440 39.88132388362768 0.028073627927140125 0.00985044244166259 0.024534867192721577 7.244205235679146e-14 -1.1849765179955479e-5
1450 40.16214706149739 0.028087541401153972 0.009880126585559205 0.022682281009970717 7.271960811294775e-14 -1.1675698248075623e-5
1460 40.4430210132449 0.028094915406947335 0.009923280573442132 0.023937252890107175 7.327471962526033e-14 -1.1586385124173065e-5
1470 40.723931871273656 0.028090122817358468 0.01000020555985673 0.023617491886587794 7.355227538141662e-14 -1.175328921201456e-5
1480 41.00488627816628 0.02809230461765553 0.010058821803111177 0.02489613214830033 7.432943149865423e-14 -1.1818094540890286e-5
1490 41.28589692081609 0.028105834228406998 0.01009053171610779 0.022812179585602 7.477352070850429e-14 -1.1599578021907406e-5
1500 41.566958657141974 0.02811375047202958 0.010133285696192105 0.02431694073647317 7.51620987671231e-14 -1.150854572921911e-5
1510 41.848057614978124 0.02810927458289367 0.010210240981564127 0.023897081728815994 7.55506768257419e-14 -1.1639429242843087e-5
1520 42.129199346788525 0.028111028936661606 0.010271835960189355 0.025259719782101953 7.616129948928574e-14 -1.173642415294981e-5
1530 42.41039685299877 0.02812425780397577 0.010299676911907895 0.02302721347919945 7.682743330406083e-14 -1.1551983283300538e-5
1540 42.691645449264264 0.028132364284310752 0.010342162015279764 0.024698981908312878 7.743805596760467e-14 -1.145744992892949e-5
1550 42.97293136553087 0.028128114310570707 0.010414463084589447 0.024290455122844556 7.76601005725297e-14 -1.1574687972566327e-5
1560 43.254259756641524 0.028129794784852013 0.010478598820972032 0.025654681532659596 7.838174553853605e-14 -1.1639007471012878e-5
1570 43.535643544661035 0.028142828439665445 0.010507098996244794 0.023509837837417336 7.882583474838611e-14 -1.1479415616931499e-5
1580 43.81707819295402 0.02815080432536757 0.010551086297596636 0.025201401544228896 7.938094626069869e-14 -1.138698458850619e-5
1590 44.09855004405076 0.028146663033032943 0.01062398539651707 0.02498029500232679 7.971401316808624e-14 -1.1516865367094178e-5
1600 44.38006455372613 0.028148604694537577 0.010683223201435083 0.02609014825293643 8.038014698286133e-14 -1.155964366490389e-5
1610 44.66163422460629 0.028161537639513633 0.010711957735722291 0.023982247158268355 8.076872504148014e-14 -1.1410576440147244e-5
1620 44.94325429621153 0.028169075604948364 0.010753821843752035 0.025945675374193677 8.126832540256146e-14 -1.1318123143109215e-5
1630 45.22491124231368 0.028164957564178136 0.010830415125242139 0.025417968613972164 8.18789480661053e-14 -1.1454562754818049e-5
1640 45.50661132290757 0.028167454904533124 0.01088731709809121 0.026550169666820667 8.221201497349284e-14 -1.148436778552228e-5
1650 45.78836653739272 0.028180356243908508 0.010916659995981676 0.02452989539287298 8.26561041833429e-14 -1.1342919850079543e-5
1660 46.07017122338672 0.028187135218641468 0.010959429596789935 0.026002205091353536 8.3322237998118e-14 -1.1258572272622895e-5
1670 46.35201261270792 0.028183060659663344 0.011033554641731226 0.026110044134416643 8.376632720796806e-14 -1.1377195374272231e-5
1680 46.6338978829683 0.028186407414462766 0.01108876257669556 0.027000809136696946 8.421041641781812e-14 -1.1404750436233568e-5
1690 46.9158384717338 0.028199234344776357 0.011115661309029353 0.024970137750540355 8.459899447643693e-14 -1.126333140290294e-5
1700 47.19782710691427 0.0282050390344388 0.011165172932378443 0.02659250330261742 8.526512829121202e-14 -1.1230654018721585e-5
1710 47.4798523131552 0.028200983333502853 0.011237492208384096 0.02682884214605674 8.58202398035246e-14 -1.1318200579597815e-5
1720 47.7619227049099 0.02820554915847681 0.01128997828419212 0.027388780780072897 8.631984016460592e-14 -1.1331502456125484e-5
1730 48.0440480929365 0.02821804652875343 0.011313963259003277 0.025373690032318152 8.676392937445598e-14 -1.1162653860725998e-5
1740 48.326220194911905 0.02822272824122298 0.011366061992792775 0.027017098538284712 8.720801858430605e-14 -1.1161700999043518e-5
1750 48.60842888444216 0.028218861374505827 0.011439406864537496 0.027499573900113816 8.776313009661862e-14 -1.1263255399204461e-5
1760 48.8906843590627 0.028224821716038122 0.011486880754957856 0.027643464589190037 8.820721930646869e-14 -1.1262633369618446e-5
1770 49.172994213740715 0.02823708461402575 0.011514976453471142 0.025993309174017876 8.881784197001252e-14 -1.1129097970397206e-5
1780 49.455349273163435 0.028240056291222018 0.011568380912471313 0.02751167063776605 8.931744233109384e-14 -1.1101306743114756e-5
1790 49.737741377187284 0.0282368263162704 0.011641052536080292 0.0280182600907245 8.987255384340642e-14 -1.1202149490958761e-5
1800 50.0 0.008062804239408194 0.01168544841086416 0.02748976487509358 9.0427665355719e-14 -1.1178300836773496e-5
