#timestep time dt l2_rho l2_rho_v1 l2_rho_v2 l2_rho_e_total linf_rho linf_rho_v1 linf_rho_v2 linf_rho_e_total cons_rho cons_rho_v1 cons_rho_v2 cons_rho_e_total dsdu_ut 
0 0.0 0.0 0.0 0.0 0.0 0.0 0.0 0.0 0.0 0.0 0.0 0.0 0.0 0.0 -2.966734168307608e-15
10 0.336118267270976 0.03239720069479863 3.2122301878735763e-6 5.690817916431468e-6 5.690817953767255e-6 1.9236339008908548e-5 6.586756952198236e-5 0.0001018004946640172 0.00010181571298484293 0.00023852241695099252 1.176836406102666e-14 9.325873406851315e-15 1.2878587085651816e-14 3.6415315207705135e-14 1.653333621298e-7
20 0.6412055020575518 0.030599169137126545 3.5725095309757664e-6 7.142315720503639e-6 7.142315749711891e-6 2.1693377098363787e-5 5.5155644401061465e-5 8.472341318865872e-5 8.472783761503955e-5 0.00017559545140777288 6.661338147750939e-16 9.325873406851315e-15 8.881784197001252e-16 2.930988785010413e-14 -1.6704347137606408e-7
30 0.945562331446058 0.030045884336224925 5.896255557489547e-6 8.544756514957373e-6 8.544756530841218e-6 2.0898517837613727e-5 3.9862183145444874e-5 5.813023487410973e-5 5.8137056856200076e-5 0.00010714165322722735 2.886579864025407e-15 1.1324274851176597e-14 6.8833827526759706e-15 3.019806626980426e-14 2.195717193603549e-9
40 1.2496370409507487 0.030723174016988722 1.1217358730119455e-5 1.112069807328545e-5 1.1120698079526275e-5 2.0186310320765466e-5 7.302561393274232e-5 8.421446450967984e-5 8.42155878688633e-5 0.00020121532255101826 3.9968028886505635e-15 1.2878587085651816e-14 4.884981308350689e-15 6.838973831690964e-14 1.2494767387423276e-7
50 1.551510325889661 0.030040230468882288 1.7561066923023164e-5 1.4812370550696821e-5 1.4812370551032365e-5 2.3633784299122716e-5 0.0001007329626792064 9.141378187571547e-5 9.14135970799812e-5 0.00023928998049527195 1.4876988529977098e-14 2.220446049250313e-16 1.3766765505351941e-14 7.194245199571014e-14 -1.7022377002205855e-7
60 1.8525473262773868 0.030222911619886283 2.2526291238240543e-5 1.7808787878733175e-5 1.7808787878572906e-5 2.6942873110566093e-5 0.00013074575245397568 9.119486014963485e-5 9.119439810900687e-5 0.00022040579878268574 1.3988810110276972e-14 9.325873406851315e-15 1.3988810110276972e-14 8.704148513061227e-14 -5.13010595697931e-8
70 2.1523411252891753 0.030178772567592174 2.4862837367737172e-5 1.893889459367719e-5 1.893889459343131e-5 2.6127407800297432e-5 0.00014902924574355936 9.840356173551612e-5 9.840347277778605e-5 0.00019884786516666253 1.4876988529977098e-14 1.9539925233402755e-14 1.6209256159527285e-14 8.348877145181177e-14 2.151040983528283e-7
80 2.4517039888641663 0.03018377179298873 2.4657502015218076e-5 1.8383978332257295e-5 1.838397833195402e-5 2.2065009256927557e-5 0.00015432965206985116 9.019036477209141e-5 9.019036895763222e-5 0.00019571120217687366 2.19824158875781e-14 1.9984014443252818e-14 1.9317880628477724e-14 1.092459456231154e-13 -2.868355576600217e-8
90 2.7510064282329942 0.030152611005625135 2.3148295749260073e-5 1.7239631712420376e-5 1.723963171207158e-5 1.923380966665551e-5 0.00014716283711324607 8.008759321453951e-5 8.008758982080977e-5 0.00018022408179518834 2.708944180085382e-14 1.5765166949677223e-14 1.84297022087776e-14 1.1368683772161603e-13 -1.3260820246428513e-7
100 3.0503235916375235 0.030110279631870206 2.232529195320814e-5 1.6933903683556234e-5 1.6933903683304415e-5 2.0543970014951917e-5 0.00013219929136631947 8.597336770810315e-5 8.597323773074095e-5 0.00016348226184259573 2.531308496145357e-14 1.9539925233402755e-14 2.90878432451791e-14 9.237055564881302e-14 1.3072825780423087e-7
110 3.3496573299775143 0.030063577518437277 2.3497517658537643e-5 1.803683717121011e-5 1.803683717113983e-5 2.2232605293596027e-5 0.0001427468325823078 8.766736312626477e-5 8.766737055720952e-5 0.00018836982000269842 3.68594044175552e-14 3.108624468950438e-14 3.930189507173054e-14 1.1191048088221578e-13 -9.485426534563703e-9
120 3.6490068055286833 0.03001376205618743 2.6480298797153216e-5 2.0116939473395764e-5 2.0116939473377787e-5 2.1712532260703497e-5 0.0001665439305744698 8.898526837741727e-5 8.898526077549818e-5 0.00020191918916268037 2.9531932455029164e-14 3.7969627442180354e-14 3.774758283725532e-14 1.199040866595169e-13 -2.0322845941458898e-7
130 3.948372760630552 0.02996186380753538 3.0461294391117232e-5 2.2693840214024706e-5 2.2693840213896316e-5 2.036743461471897e-5 0.00017613997012055904 9.994095527510183e-5 9.99404168284812e-5 0.0001779294309858237 3.952393967665557e-14 3.952393967665557e-14 4.1522341120980855e-14 1.3855583347321954e-13 1.2369482557417055e-7
140 4.247757641185387 0.029909191886923037 3.476028857237972e-5 2.5531374050592214e-5 2.5531374050267763e-5 2.131022247593985e-5 0.0001871221505798104 0.00010289438169541754 0.00010289437452959405 0.00016429221338398747 4.463096558993129e-14 4.3298697960381105e-14 4.463096558993129e-14 1.376676550535194e-13 1.4843746344061106e-7
150 4.547162769511919 0.02985748234557153 3.8312805717657566e-5 2.7898342212543482e-5 2.7898342211944884e-5 2.290579364259187e-5 0.00018564098675399876 0.00010368211546607498 0.00010368210820299595 0.00019384078075024291 4.729550084903167e-14 4.951594689828198e-14 5.240252676230739e-14 1.5631940186722204e-13 -1.591068202237022e-7
160 4.8465874523627175 0.02981025102455311 4.0113519561212054e-5 2.9026810074311632e-5 2.902681007341239e-5 2.2288955460370443e-5 0.0001821097770564606 0.0001111755112819246 0.00011117476714783692 0.000203421855250685 4.951594689828198e-14 4.884981308350689e-14 4.929390229335695e-14 1.5720758028692217e-13 2.1223392504748677e-8
170 5.146032019496352 0.02977010296296403 3.996123976599938e-5 2.883163290764071e-5 2.8831632906404598e-5 2.0105100195266483e-5 0.00019847243795201308 0.00010801555208050928 0.00010801554065631436 0.0002142208151019176 4.574118861455645e-14 5.284661597215745e-14 5.262457136723242e-14 1.7497114868092467e-13 1.253337775460003e-7
180 5.445495443294005 0.02973931497463744 3.8772039248814025e-5 2.8070758517058134e-5 2.8070758515419038e-5 1.9988019083616325e-5 0.00020345423735257384 0.0001145666702755399 0.00011456649184893308 0.00019873716624152493 6.061817714453355e-14 4.884981308350689e-14 7.993605777301127e-14 1.6342482922482304e-13 -1.7493838637548232e-7
190 5.7449734762950015 0.029720284081274174 3.814806362093665e-5 2.786502560749279e-5 2.786502560536216e-5 2.2764170066023998e-5 0.0001980892711084259 0.00011205090407173657 0.00011205097415434295 0.0001662950690621834 6.838973831690964e-14 5.6621374255882984e-14 6.350475700855895e-14 1.6431300764452317e-13 -6.468941089947308e-8
200 6.044460560760404 0.029712353242851212 3.916529193581926e-5 2.8766708262526968e-5 2.876670825979939e-5 2.445970736685717e-5 0.00019423351195468896 0.00011438262446761271 0.00011438273606145799 0.00021318959223570744 5.573319583618286e-14 6.94999613415348e-14 6.794564910705958e-14 1.794120407794253e-13 2.0335976075059546e-7
210 6.343954386464969 0.029715104906854844 4.1792153306480394e-5 3.059356700871254e-5 3.059356700504092e-5 2.329101154320136e-5 0.00018495889880076888 0.00011299325217573042 0.00011299035239531463 0.00023918585189663943 6.994405055138486e-14 7.549516567451064e-14 7.061018436615996e-14 1.9895196601282805e-13 -2.1066120567376573e-8
220 6.643451108992734 0.02972912707624983 4.541440481716687e-5 3.29712471737365e-5 3.297124716862706e-5 2.090831851488179e-5 0.00020069372305320243 0.00010760634365247768 0.00010760641140183935 0.00019591150522568768 8.992806499463768e-14 8.01581023779363e-14 7.593925488436071e-14 1.8474111129762605e-13 -1.1636723407878232e-7
230 6.942945105964465 0.029753585247627765 4.9381161548835744e-5 3.561046395048472e-5 3.5610463943395216e-5 2.0760862600942265e-5 0.00021512891560426795 0.0001137169599743082 0.00011371691193895472 0.00018803627022601077 7.505107646466058e-14 7.549516567451064e-14 7.771561172376096e-14 2.2648549702353193e-13 1.3685038844188093e-7
240 7.242432945108257 0.029787390518748087 5.269138971265105e-5 3.783970902411051e-5 3.783970901430584e-5 2.171691549534813e-5 0.00021690825106057687 0.00012094865380696262 0.00012094690433572808 0.0002151313400360344 8.770761894538737e-14 9.103828801926284e-14 8.104628079763643e-14 2.2026824808563106e-13 -9.040751882623953e-9
250 7.541911523834059 0.0298305532847396 5.436679346503109e-5 3.8941070219623924e-5 3.894107020598385e-5 2.1198732101165182e-5 0.00021574461733298023 0.00011734238087779403 0.00011734245492167616 0.0002034150462604245 9.43689570931383e-14 8.615330671091215e-14 9.281464485866309e-14 2.3714363805993344e-13 -2.07234597747738e-7
260 7.841375140137512 0.029880492999959932 5.415288177448259e-5 3.8767355435013266e-5 3.8767355415682165e-5 1.9892907343145105e-5 0.00020075289740528746 0.0001131348631004947 0.00011313492216791232 0.00023939378781268061 8.815170815523743e-14 8.748557434046234e-14 9.214851104388799e-14 2.6201263381153694e-13 1.0906852326718871e-7
270 8.140821182637278 0.029933074028815815 5.294640746673e-5 3.802715553050246e-5 3.802715550292327e-5 2.099870407886113e-5 0.00021038961873243167 0.0001322504311320749 0.00013224192473293428 0.00016923272435498404 9.481304630298837e-14 9.969802761133906e-14 7.882583474838611e-14 2.353672812205332e-13 1.4183015834391357e-7
280 8.44024912301769 0.029985885746538585 5.2360719524756054e-5 3.783653934206736e-5 3.783653930338354e-5 2.420316194445267e-5 0.00022045719435981326 0.00012091930947377705 0.00012091932482949375 0.0001916918309996518 9.814371537686384e-14 1.0014211682118912e-13 9.658940314238862e-14 2.424727085781342e-13 -1.4426725874168075e-7
290 8.739656515576582 0.03003641337819743 5.3502120127292245e-5 3.879539490777063e-5 3.8795394855184035e-5 2.568461819104678e-5 0.0002250196157160822 0.00012077123779308252 0.00012077105968222313 0.00024711279733313773 1.028066520802895e-13 1.0236256287043943e-13 1.0436096431476471e-13 2.566835632933362e-13 3.6292013687754026e-8
300 9.039042389212899 0.030081481280802482 5.632731659527006e-5 4.0746118072132454e-5 4.074611800252931e-5 2.4092329019661355e-5 0.00022042013804712823 0.00012396806883119282 0.0001239681500599943 0.00017953759386468704 1.1390888232654106e-13 1.0658141036401503e-13 1.1524114995609125e-13 2.6201263381153694e-13 1.2814075525217676e-7
310 9.338410274118589 0.03011954640392014 6.0157489648974585e-5 4.3277352346307003e-5 4.327735225545086e-5 2.131261554328883e-5 0.00022830222153080726 0.00012759699395337165 0.00012759747643142916 0.00022577479351060248 1.1302070390684094e-13 1.0969003483296547e-13 1.1790568521519162e-13 2.6556534749033744e-13 -1.742913103653431e-7
320 9.637761815531638 0.0301479743530469 6.424074994524586e-5 4.599965242178081e-5 4.5999652303733724e-5 2.0723481649918406e-5 0.00023793147434059136 0.0001325429481893181 0.00013253789901312985 0.00018791290082198486 1.1546319456101628e-13 1.2212453270876722e-13 1.1834977442504169e-13 2.8954616482224083e-13 -7.164758796602542e-8
330 9.937098668877852 0.030164414371664387 6.756945026665723e-5 4.8235681323802804e-5 4.8235681169229943e-5 2.1302424672203345e-5 0.0002521536726711737 0.00014345755990374798 0.00014343233341662653 0.00015342307684917955 1.2523315717771766e-13 1.1879386363489175e-13 1.305622276959184e-13 3.0020430585864233e-13 1.8679095530934106e-7
333 10.0 0.002833889186964811 6.80699915763984e-5 4.855742949368301e-5 4.855742936520414e-5 2.111050239494013e-5 0.0002660552377617975 0.00013904714324430856 0.00013904673322651107 0.00015888795702512226 1.1324274851176597e-13 1.1191048088221578e-13 1.1546319456101628e-13 2.7977620220553945e-13 1.8195100929008186e-7
