#timestep time dt l2_scalar linf_scalar cons_scalar dsdu_ut 
0 0.0 1.0 4.4203823994328764e-18 8.326672684688674e-17 0.0 1.9735721621948294e-17
10 0.1705533521139389 0.018009123068957786 0.0003890606229889427 0.003459298627666141 4.440892098500626e-16 -5.719519660107847e-7
20 0.3818213841800822 0.02373172974376558 0.0003744822240897193 0.003213564389482726 8.326672684688674e-16 -7.247180732212338e-7
30 0.6354844466865311 0.026314082073302686 0.0003757518262917555 0.003299423380694111 1.1102230246251565e-15 -7.147537018732317e-7
40 0.9030676836383438 0.026998444325174335 0.0003802058074960553 0.0034653690766376366 1.942890293094024e-15 -6.558604005952371e-7
50 1.1740029650052952 0.027129584762615636 0.0003856971614168063 0.003279308195030195 2.0539125955565396e-15 -6.450801540768604e-7
60 1.4455839271769462 0.027158668094371955 0.000388269944995257 0.0029785060556984932 2.3314683517128287e-15 -7.109188176895875e-7
70 1.7172907450865418 0.027173446315621592 0.0003876477321317808 0.003107673349031337 2.886579864025407e-15 -7.833574911871206e-7
80 1.9890292813544306 0.027183584092044716 0.0003879661251668318 0.002968619359664304 3.219646771412954e-15 -7.836277342304994e-7
90 2.2607757561010495 0.027182787659539364 0.00039298174208093407 0.0034186983110583435 3.4416913763379853e-15 -7.12461102093942e-7
100 2.5325187731113123 0.02717194429375979 0.00040183216897994643 0.0034642217422240495 4.052314039881821e-15 -6.463194272467859e-7
110 2.8042627789208012 0.027165107048255584 0.0004102890121212297 0.0030626459930752636 4.551914400963142e-15 -6.557481078827096e-7
120 3.0760170284200767 0.027169421971574934 0.0004152660672251469 0.0030370666462729567 4.718447854656915e-15 -7.306138577561895e-7
130 3.34778454672504 0.027180491149207644 0.0004179880769246551 0.003021147242194322 5.329070518200751e-15 -7.902454401522221e-7
140 3.6195625776722284 0.027187575748140038 0.00042258947919055704 0.0032719817732599354 5.773159728050814e-15 -7.700986480400213e-7
150 3.8913397929033207 0.02718326553726933 0.000431603282132472 0.003548481260716496 6.217248937900877e-15 -6.919433776081951e-7
160 4.163113522603316 0.027172621654695958 0.00044327989525205894 0.00338060419152153 6.494804694057166e-15 -6.401812519414162e-7
170 4.434889260557009 0.02716859277198179 0.0004534942012650057 0.0028321091590112757 6.8833827526759706e-15 -6.704079708198113e-7
180 4.706675839511667 0.027175011390332078 0.0004603786568536865 0.003044266112424948 7.438494264988549e-15 -7.497633320503218e-7
190 4.978475573913737 0.027185562617300128 0.0004660123355249855 0.0030194600226768342 7.827072323607354e-15 -7.924595561832398e-7
200 5.250281926176036 0.027190149296285323 0.0004741367830181465 0.0035220177988385393 8.382183835919932e-15 -7.522765692211607e-7
210 5.522087083119157 0.027183486653733296 0.00048606205281776947 0.0035997122170378093 8.826273045769994e-15 -6.726678660534322e-7
220 5.793887974675324 0.027173437946460575 0.000499359383512082 0.0032105424963054796 9.103828801926284e-15 -6.396827716670091e-7
230 6.065694411159977 0.027172421352032933 0.0005105557956095406 0.0029443436554582036 9.43689570931383e-15 -6.887819669370951e-7
240 6.337511667200628 0.02718047339790125 0.0005188988830235779 0.0030006855974513136 9.936496070395151e-15 -7.666511193469422e-7
250 6.609341662024795 0.027190433851271012 0.0005269461740918416 0.0033727372783338705 1.0325074129013956e-14 -7.888717522309963e-7
260 6.881175462303757 0.02719185309528035 0.0005377734103917576 0.003704864073840186 1.0769163338864018e-14 -7.313314365075761e-7
270 7.153006206676945 0.027183489921659466 0.0005515748469673328 0.0035642223430263353 1.1268763699945339e-14 -6.564105778883706e-7
280 7.424835186676741 0.027174889749401798 0.0005656505980711218 0.0029525798817122695 1.1712852909795402e-14 -6.451944095115653e-7
290 7.6966703793079265 0.02717659600847844 0.0005773529579623821 0.0029977083471634525 1.2212453270876722e-14 -7.096290828480928e-7
300 7.968518695384349 0.027186006636338033 0.000586855518546112 0.0030902063578924777 1.2434497875801753e-14 -7.796820656781797e-7
310 8.240376630539682 0.02719444915925134 0.0005968743894638574 0.003675687309707687 1.2712053631958042e-14 -7.792158302695777e-7
320 8.512237527130551 0.027193109298025937 0.0006096527929802985 0.003808044877021022 1.3433698597964394e-14 -7.087252267543899e-7
330 8.784093002151966 0.0271831930830781 0.000624568192032564 0.0034355387733275844 1.3822276656583199e-14 -6.447830747010599e-7
340 9.055949672499986 0.027177119570563527 0.0006389166636167162 0.002895385466399447 1.3933298959045715e-14 -6.566707501484736e-7
350 9.32781413057862 0.027181124719552082 0.0006508784852473208 0.002992394425314626 1.4488410471358293e-14 -7.312741159993391e-7
360 9.599691696383617 0.02719148173967361 0.0006613811030453439 0.003493105469879021 1.4932499681208355e-14 -7.873628425462964e-7
370 9.871577670357116 0.02719766242290377 0.0006730082185739097 0.0039131790505453345 1.5376588891058418e-14 -7.63830184850574e-7
380 10.143463106462267 0.02719357017587833 0.0006871630137416553 0.0038204886235170266 1.5709655798445965e-14 -6.86302967890811e-7
390 10.415344781188178 0.02718309220111585 0.0007026570761191373 0.003209643996691547 1.6042722705833512e-14 -6.391340000924672e-7
400 10.68722797023374 0.0271798034876669 0.0007169715314435262 0.002988619074586918 1.6486811915683575e-14 -6.73464560155615e-7
410 10.959122519474935 0.027186306628602722 0.0007291130404552985 0.0031457667313764537 1.7208456881689926e-14 -7.517355365359101e-7
420 11.231028041886525 0.027196493022613188 0.0007405265240222501 0.003851010960081447 1.73749903353837e-14 -7.885400513389553e-7
430 11.502940836395561 0.027200313310940128 0.0007534835296209952 0.0040703312499562605 1.7819079545233762e-14 -7.436884029430376e-7
440 11.774850312967194 0.027193359149771647 0.0007685991928118767 0.0037330525421086502 1.8041124150158794e-14 -6.66129423431631e-7
450 12.046757228806708 0.027183926335864122 0.0007842496343329677 0.002899324553264082 1.8707257964933888e-14 -6.403713357824688e-7
460 12.318668382712945 0.027183115080410693 0.0007983798293000465 0.003016210007637521 1.892930256985892e-14 -6.942952969868181e-7
470 12.590591092991874 0.027191658946859914 0.0008107170209734904 0.0036012782887899775 1.9595436384634013e-14 -7.688955413892584e-7
480 12.8625256057413 0.027201017513546383 0.0008229921487426531 0.0041465086015388675 1.9817480989559044e-14 -7.825934576381858e-7
490 13.13446276877622 0.027201886327065536 0.0008370319173747348 0.004133297323658636 2.0095036745715333e-14 -7.203906733046045e-7
500 13.406397039454736 0.027193009528011583 0.0008527215324481555 0.0035391756825736698 2.0650148258027912e-14 -6.502942030243986e-7
510 13.678328659238394 0.027185199653735618 0.0008682968921105418 0.003028325142366839 2.1038726316646716e-14 -6.487781977976628e-7
520 13.950268133767228 0.027187368835110057 0.0008822015057719959 0.0031602902748871786 2.1593837828959295e-14 -7.172846568659841e-7
530 14.222218890229659 0.02719698108814298 0.0008947993216079425 0.004018359540947203 2.1926904736346842e-14 -7.807448142115297e-7
540 14.49418026039438 0.027204936231932403 0.0009078943201280671 0.0043620032267656095 2.225997164373439e-14 -7.696074166660839e-7
550 14.766141988779928 0.027202518743031555 0.0009227462481262448 0.004090024343391896 2.2648549702353193e-14 -6.960692213260535e-7
560 15.038099458055619 0.0271925290873724 0.0009387540095087406 0.0032356450150662353 2.3037127760971998e-14 -6.406624937497375e-7
570 15.310057377651718 0.027187187291476348 0.0009540970042413961 0.0030847034942895757 2.353672812205332e-14 -6.638795167226118e-7
580 15.582024154487337 0.027192127267356512 0.0009678139099753006 0.003672531954911018 2.3925306180672123e-14 -7.400885774378613e-7
590 15.854003372377559 0.027202286799389647 0.0009807524017149344 0.0043772317467540844 2.4313884239290928e-14 -7.856291746206396e-7
600 16.12598974694784 0.027207844521444403 0.000994620387506668 0.004480628754145455 2.4591439995447217e-14 -7.504741813284752e-7
610 16.397975181096637 0.027202449927120315 0.0010100987961284662 0.003931142254806952 2.5146551507759796e-14 -6.732243191358289e-7
620 16.66995582087377 0.027192457783601028 0.0010261573869905726 0.0031229663551698428 2.5479618415147343e-14 -6.385957727356867e-7
630 16.941940178345458 0.027190070346705786 0.0010411896023923895 0.003118983676078546 2.5868196473766147e-14 -6.843711682767591e-7
640 17.213934139694665 0.027197270051460342 0.0010547991881763934 0.0041539068027492965 2.6423307986078726e-14 -7.601231134415464e-7
650 17.485940915395076 0.027207322402807505 0.001068161664169394 0.004657461061344459 2.681188604469753e-14 -7.825254031254732e-7
660 17.757951224215997 0.027209694166755893 0.001082736137381187 0.004487155571847867 2.708944180085382e-14 -7.269092012835896e-7
670 18.02995923221281 0.027201941383987398 0.001098615651185413 0.0036508210522268048 2.7700064464397656e-14 -6.544528841307312e-7
680 18.301963543659365 0.027193095223449707 0.001114547832205744 0.0032052254783426215 2.8199664825478976e-14 -6.447055373220902e-7
690 18.573973949321918 0.027193797086589495 0.0011292602419708565 0.0036913558065088115 2.858824288409778e-14 -7.081603025892169e-7
700 18.845995492988813 0.02720260270695234 0.00114287261101499 0.004582347993389746 2.9032332093947844e-14 -7.748595931535936e-7
710 19.11802776482342 0.027211524435099804 0.0011567200354141575 0.004838955773227127 2.930988785010413e-14 -7.712775687200072e-7
720 19.390062125191907 0.027210543654031593 0.0011718648638172821 0.004369019732456847 2.964295475749168e-14 -7.013492590978582e-7
730 19.662091349310746 0.027201023908854323 0.0011879713404219108 0.0032720341246953444 2.9976021664879227e-14 -6.421193313142781e-7
740 19.934120707070118 0.027194574158660424 0.0012036628169663755 0.0032070642294051432 3.036459972349803e-14 -6.586581258406756e-7
750 20.20615688220764 0.027198184930900628 0.0012180982829126023 0.004241583940599369 3.086420008457935e-14 -7.325324968493008e-7
760 20.478206047709094 0.02720819762319312 0.001231831888952412 0.004934587537557267 3.1308289294429414e-14 -7.821737898119213e-7
770 20.750262580079966 0.02721472212369819 0.001246193702284453 0.004903031660722479 3.186340080674199e-14 -7.527379012106975e-7
780 21.022319288448664 0.027210560857003296 0.0012618049029022222 0.004117391125742831 3.2085445411667024e-14 -6.767304992353631e-7
790 21.29437056704934 0.027200388000480732 0.0012779408005136098 0.0033790906882875116 3.2529534621517087e-14 -6.380020458880524e-7
800 21.566424481131236 0.02719698512837712 0.0012933229190098307 0.00365049877174517 3.297362383136715e-14 -6.79081024933248e-7
810 21.838487215229733 0.027203187154479454 0.0013075628765613291 0.004745420861437144 3.3362201889985954e-14 -7.544296970967222e-7
820 22.110562669966892 0.027213440063659052 0.0013215332580552293 0.005187147174802842 3.3861802251067274e-14 -7.806958147795277e-7
830 22.382642633296104 0.027216825255999125 0.001336409557886849 0.004833575554402003 3.425038030968608e-14 -7.287942650723023e-7
840 22.654720382944564 0.027209824753264784 0.0013523329713740564 0.0037281091920186027 3.4861002973229915e-14 -6.561433714413756e-7
850 22.926794049439124 0.027200571932598148 0.001368345234829486 0.0033967252397590353 3.5138558729386205e-14 -6.429702054577207e-7
860 23.198872571239832 0.02720028997901159 0.001383407749561341 0.00427285028689306 3.5638159090467525e-14 -7.036133093245401e-7
870 23.470961822954404 0.027208530983137615 0.0013975638596393665 0.005176675279366605 3.597122599785507e-14 -7.708300556056105e-7
880 23.743061967674873 0.027217882561055774 0.001411860005755712 0.00531762350030518 3.647082635893639e-14 -7.70113694608613e-7
890 24.015164844425154 0.027217786177840046 0.0014271727224510814 0.00461834020601426 3.702593787124897e-14 -7.022423095669581e-7
900 24.287262543049835 0.027208595512365555 0.0014432727634505255 0.0037977940546823907 3.735900477863652e-14 -6.424146157858485e-7
910 24.559359649168 0.027201605286894 0.0014590620836705545 0.003549587152147815 3.7636560534792807e-14 -6.567313935480767e-7
920 24.831462837763194 0.027204439231334657 0.0014738408870087947 0.004856662899053066 3.808064974464287e-14 -7.291154183530816e-7
930 25.103578661995307 0.027214219415848975 0.0014880329545395126 0.005508416049658349 3.852473895449293e-14 -7.792015717563882e-7
940 25.375702310802108 0.027221293545684307 0.0015027118500150877 0.005306046000021936 3.885780586188048e-14 -7.513532355087754e-7
950 25.647826311532445 0.027217712334247218 0.0015183950840301822 0.004250154858801758 3.952393967665557e-14 -6.764893439115474e-7
960 25.919944766157943 0.027207631265084253 0.0015345065776613202 0.003910552648194954 3.9690473130349346e-14 -6.376531293467018e-7
970 26.192065110979406 0.027203633675496938 0.0015500085209328351 0.004245641320605564 4.04121180963557e-14 -6.777262421244355e-7
980 26.46419366275353 0.027209353885242257 0.0015645788111188998 0.005372926265271971 4.0745185003743245e-14 -7.5203745452182e-7
990 26.736335004443834 0.027219604429557658 0.0015789252838690447 0.005714278280172125 4.107825191113079e-14 -7.779399352380234e-7
1000 27.008480909149252 0.0272235011353067 0.001594010074759841 0.005136347745812064 4.157785227221211e-14 -7.265968629180883e-7
1010 27.280624883322186 0.02721677451718208 0.0016099386723632957 0.0042437553188943156 4.196643033083092e-14 -6.551120881172299e-7
1020 27.55276413439396 0.027207469980631012 0.001625930737756934 0.003974169143459272 4.246603069191224e-14 -6.428480597217567e-7
1030 27.824908051578603 0.027206706936547812 0.0016411339151921449 0.00491246624808106 4.2743586448068527e-14 -7.032082632945899e-7
1040 28.097062008822505 0.02721473265415787 0.0016556008687813322 0.005791091126518988 4.318767565791859e-14 -7.689063435827479e-7
1050 28.369227323570918 0.027224184414021087 0.001670194793885687 0.005770102352223305 4.346523141407488e-14 -7.667350360555936e-7
1060 28.641394903520293 0.02722440180674355 0.0016856280994813058 0.004797862383242313 4.4020342926387457e-14 -6.990976690567086e-7
1070 28.913557877791867 0.027215265573876324 0.0017016943659292627 0.004428400515892994 4.446443213623752e-14 -6.413249283885338e-7
1080 29.18571914231929 0.02720818751700585 0.001717475820024174 0.004163028172923577 4.474198789239381e-14 -6.575766310619104e-7
1090 29.45788696238125 0.02721077110854222 0.0017324136987565614 0.005518205673943899 4.518607710224387e-14 -7.2953650797139e-7
1100 29.73006629452115 0.027220425878204394 0.001746890715334633 0.006080679275509704 4.5574655160862676e-14 -7.768921923116418e-7
1110 30.002254277878723 0.02722767581841079 0.0017617981791345242 0.005655608706509385 4.6129766673175254e-14 -7.46767925453054e-7
1120 30.274441600856683 0.027224034525947745 0.0017775346180050667 0.004777607394724659 4.64628335805628e-14 -6.727831259822036e-7
1130 30.546624009366585 0.027214148349975917 0.0017935848386368615 0.004510167690118805 4.6906922790412864e-14 -6.374217156601691e-7
1140 30.81880736194712 0.027209903238396838 0.0018090996587647326 0.0049141666969662046 4.729550084903167e-14 -6.799089693266209e-7
1150 31.090999261028372 0.02721569638380891 0.001823844254808393 0.00602867227283832 4.785061236134425e-14 -7.526529740079229e-7
1160 31.363203446126477 0.02722581030235842 0.0018384455468192621 0.006212993302569747 4.823919041996305e-14 -7.743354712942338e-7
1170 31.63541239080074 0.027229815558465955 0.0018536852789960599 0.005356215815723098 4.873879078104437e-14 -7.206916732768742e-7
1180 31.907618749418546 0.027222786065906907 0.001869614256080632 0.004874961715694903 4.901634653720066e-14 -6.516853725806916e-7
1190 32.17982074719351 0.027213788950837346 0.001885541738704782 0.004605056169442623 4.9460435747050724e-14 -6.443023668443405e-7
1200 32.45202697752009 0.027212914897347423 0.0019007818697916038 0.005612182549017186 4.9904524956900786e-14 -7.065604837441092e-7
1210 32.724243268301606 0.02722120748861015 0.0019154341630153852 0.006409076048805473 5.0182080713057076e-14 -7.687158092021173e-7
1220 32.996470679255 0.02723039386674841 0.001930245903410802 0.006163173026022761 5.057065877167588e-14 -7.611591340761193e-7
1230 33.26869966725017 0.027230486632491124 0.0019457780853892994 0.005246829303904632 5.112577028398846e-14 -6.923389878872935e-7
1240 33.54092429687671 0.027220973692608126 0.001961799122797144 0.005041173695673584 5.1458837191376006e-14 -6.392762978970831e-7
1250 33.813146554902715 0.027214346822402914 0.0019775205493385794 0.004866774858315104 5.168088179630104e-14 -6.611699423025866e-7
1260 34.08537619348957 0.027217049342790314 0.00199252175715618 0.006219221928823293 5.229150445984487e-14 -7.333022740343928e-7
1270 34.35761633224791 0.0272269491898825 0.002007189544935349 0.006625945682599332 5.256906021600116e-14 -7.747723205098894e-7
1280 34.62986562530393 0.02723379625269555 0.0020222768630417096 0.005912229691264037 5.295763827461997e-14 -7.390463465910962e-7
1290 34.90211281262094 0.02722976858847846 0.002038055150560326 0.005370767652579156 5.3290705182007514e-14 -6.661920795704587e-7
1300 35.17435598383879 0.027219862746234013 0.0020540273268332063 0.005067279013943549 5.390132784555135e-14 -6.378121314416533e-7
1310 35.44659932054054 0.027216055895857263 0.002069499255707336 0.005658208129816211 5.434541705540141e-14 -6.854931418245197e-7
1320 35.71885238741226 0.027222103873059164 0.0020843357802276833 0.006695990207903346 5.473399511402022e-14 -7.555963950625286e-7
1330 35.99111629422901 0.027232289988249173 0.002099125126543312 0.006649435933820502 5.523359547510154e-14 -7.693720676280522e-7
1340 36.26338584482039 0.027235668971496447 0.0021144881086631742 0.005645049957513915 5.551115123125783e-14 -7.113219456602628e-7
1350 36.53565043741395 0.02722807914391605 0.0021304129759355857 0.0055092440865963654 5.5788706987414116e-14 -6.466457363558595e-7
1360 36.80791254651081 0.02721943210638589 0.0021462503536459625 0.005218565239123452 5.6288307348495437e-14 -6.478143490660951e-7
1370 37.08017739634188 0.027219077817118378 0.002161473686008297 0.006364394588299183 5.67323965583455e-14 -7.132842892040436e-7
1380 37.35245412218637 0.027227823597711212 0.0021762422858772946 0.007004028025823339 5.723199691942682e-14 -7.693822166110822e-7
1390 37.62473992917485 0.027236636910692582 0.002191229419933197 0.006455753248369556 5.756506382681437e-14 -7.529769486744331e-7
1400 37.897027931850126 0.027235902780635896 0.0022068473069984554 0.005866108860157815 5.789813073420191e-14 -6.825148674168057e-7
1410 38.169309993068936 0.027226088965414324 0.002222809935280869 0.005619523056687004 5.839773109528323e-14 -6.372142476018094e-7
1420 38.44159138136681 0.027220019947024995 0.002238439450889182 0.00566228065830976 5.88418203051333e-14 -6.678077746433836e-7
1430 38.713879055441694 0.027223390021977555 0.0022534568015488855 0.00694148256219862 5.928590951498336e-14 -7.396842807425637e-7
1440 38.98617906275599 0.02723363668078169 0.0022682637803989473 0.007108173659797101 5.928590951498336e-14 -7.718605227866121e-7
1450 39.25848543063525 0.027239650591975327 0.0022835036567877593 0.006115951179598178 6.000755448098971e-14 -7.280547293776838e-7
1460 39.53079054155504 0.02723473372712412 0.00229930304343826 0.005913965498899998 6.0285110237146e-14 -6.576213942930537e-7
1470 39.80308987844566 0.027224850260618067 0.0023151913879290377 0.005668920909739028 6.084022174945858e-14 -6.397938968752604e-7
1480 40.0753915143559 0.02722195723688753 0.002330585654673135 0.006468707957411612 6.128431095930864e-14 -6.944137200419298e-7
1490 40.347701860811654 0.027228628679355174 0.00234547732277444 0.007345724863209502 6.161737786669619e-14 -7.597877024704408e-7
1500 40.620024052659915 0.02723882782820384 0.0023604124779531954 0.006979404360937913 6.189493362285248e-14 -7.621422446618675e-7
1510 40.892349585721306 0.02724096097309771 0.002375884816385254 0.006301753689206824 6.222800053024002e-14 -6.987992535597047e-7
1520 41.1646707747563 0.02723257180059938 0.0023917898572977233 0.006118758136618996 6.261657858885883e-14 -6.412121209155603e-7
1530 41.43698838898842 0.02722446546515625 0.0024075230745378147 0.005791814944197005 6.300515664747763e-14 -6.541624927875606e-7
1540 41.70931119386208 0.027225316090462925 0.00242269661791243 0.007148434387802438 6.328271240363392e-14 -7.228188629120318e-7
1550 41.98164434250593 0.02723454360454858 0.002437555485472314 0.00753637858030487 6.405986852087153e-14 -7.695836249958042e-7
1560 42.25398742919104 0.027242869216548046 0.002452692398215863 0.0065975366661280566 6.439293542825908e-14 -7.41588143147369e-7
1570 42.52632970357757 0.02724050886349156 0.002468378356563988 0.0064418586543392165 6.478151348687788e-14 -6.704643759000706e-7
1580 42.7986672972116 0.027230680514741257 0.0024842636183797333 0.006134771097765057 6.517009154549669e-14 -6.36501527293889e-7
1590 43.071003593637045 0.027225264631009296 0.0024997888823538633 0.0065382722832841855 6.544764730165298e-14 -6.778384812623108e-7
1600 43.343348109362985 0.0272299627477112 0.002514796847309054 0.007652277865385249 6.583622536027178e-14 -7.475891547282024e-7
1610 43.61570382450141 0.027240303675721236 0.0025297236945967315 0.007478794970165681 6.616929226765933e-14 -7.668164515688136e-7
1620 43.888066046048436 0.027245267448416124 0.0025450802067753186 0.006678045693852108 6.677991493120317e-14 -7.137342163803102e-7
1630 44.16042407896971 0.0272387167310247 0.002560899035389561 0.006563502479868699 6.694644838489694e-14 -6.48409421626395e-7
1640 44.43277845050966 0.027229452956284123 0.002576682756603486 0.006279895419112558 6.750155989720952e-14 -6.446052858519874e-7
1650 44.705134236568426 0.027227599308334165 0.002591990154540419 0.007321590348782214 6.789013795582832e-14 -7.06388317751926e-7
1660 44.977501034381206 0.02723560878096985 0.0026069143260088064 0.007933631985714396 6.833422716567839e-14 -7.637092253047375e-7
1670 45.249877539144414 0.027245164703461125 0.0026219855227564543 0.0071476904394838225 6.872280522429719e-14 -7.515913837519801e-7
1680 45.52225701150001 0.027245754430934566 0.002637553662269849 0.006921362778390061 6.916689443414725e-14 -6.83753181911391e-7
1690 45.794630469568865 0.02723629271460939 0.002653413954844885 0.006668987517060798 6.961098364399732e-14 -6.370287300758076e-7
1700 46.067002072986206 0.02722925589817006 0.0026690239024692868 0.006580391296660215 6.994405055138486e-14 -6.641428758915118e-7
1710 46.33937878606434 0.027231501211170413 0.0026841437913120957 0.007926967599750312 7.027711745877241e-14 -7.341683985438718e-7
1720 46.611767703906935 0.027241622367622207 0.002699080371478443 0.007951912729221577 7.083222897108499e-14 -7.676365589848189e-7
1730 46.8841635411538 0.027248611980754626 0.002714353195398101 0.0071577361814333385 7.122080702970379e-14 -7.265383610214128e-7
1740 47.15655859928268 0.027244501961713855 0.0027300743341632855 0.006955445342968769 7.166489623955385e-14 -6.575088249507893e-7
1750 47.4289472978309 0.027234475787190824 0.0027458752104425406 0.0067206945134088425 7.194245199571014e-14 -6.38766617336306e-7
1760 47.70133725378417 0.027230556977996315 0.002761281897453894 0.007467095600460549 7.249756350802272e-14 -6.913334683722027e-7
1770 47.97373517846017 0.027236652440587945 0.0027762827725728466 0.008301653394242603 7.271960811294775e-14 -7.554036193562762e-7
1780 48.24614517306407 0.027247119627875908 0.002791315120363737 0.007676323841951493 7.327471962526033e-14 -7.581641834514025e-7
1790 48.518558816681946 0.027250127208857833 0.002806778992504112 0.007353770687677286 7.366329768387914e-14 -6.964549664062458e-7
1800 48.790968257184325 0.027241954045904168 0.002822588832590946 0.0071599013466995265 7.394085344003543e-14 -6.403775634098656e-7
1810 49.0633731257967 0.027233478815476192 0.0028382546420607302 0.006842471582320542 7.471800955727304e-14 -6.534589359125913e-7
1820 49.3357826001744 0.02723351831785007 0.002853467728875104 0.008174549773326656 7.482903185973555e-14 -7.2061334070294e-7
1830 49.60820186255862 0.027242692288737408 0.0028684329442497966 0.008398882203644709 7.532863222081687e-14 -7.654100668760822e-7
1840 49.88063152269032 0.027251415888111433 0.0028836324199190055 0.0076130457542911145 7.577272143066693e-14 -7.368538171369017e-7
1845 50.0 0.010405330921507527 0.002890006509616119 0.00761758585130512 7.588374373312945e-14 -7.505310582148692e-7
