#timestep time dt l2_scalar linf_scalar cons_scalar dsdu_ut 
0 0.0 1.0 4.554695357457205e-18 8.326672684688674e-17 0.0 1.4396777441893083e-16
10 0.2893391770765826 0.027632131488117564 2.6010634428805067e-5 0.00010650067657314022 3.3306690738754696e-16 -4.96487208116736e-10
20 0.5628639862002328 0.027224059680107018 3.2738849159941253e-5 0.0001054618933745699 7.216449660063518e-16 -6.019801306739181e-10
30 0.8347959457611657 0.02717434697555235 4.2419843084204475e-5 0.00013454083448460885 8.326672684688674e-16 -6.37738882072091e-10
40 1.1065087363347896 0.02717531700730496 5.266452626716803e-5 0.00015334683468415378 1.4988010832439613e-15 -6.444713184835976e-10
50 1.378193415794841 0.02717614799071827 6.349669534031619e-5 0.00017693634781057455 1.7208456881689926e-15 -5.441602481115471e-10
60 1.6498678241290055 0.02716864220822832 7.389102520820664e-5 0.00022518904965096453 2.1649348980190553e-15 -4.1726611922643375e-10
70 1.9215377172193764 0.027160047193334497 8.426041408170795e-5 0.00026056012036712595 2.3314683517128287e-15 -4.653624696184131e-10
80 2.1932093176369536 0.027159736331048512 9.477032445966033e-5 0.0002486338816651834 2.9976021664879227e-15 -5.79143272916435e-10
90 2.4648891822399404 0.02716767114506109 0.00010564553101185879 0.00028527434971858945 3.3861802251067274e-15 -6.790195159617207e-10
100 2.736577605488832 0.02717618765198559 0.00011669431632843597 0.0003172420602354231 3.7192471324942744e-15 -6.285165172602997e-10
110 3.0082650366678862 0.027176524207298557 0.0001276964916729583 0.0003210653192590174 4.163336342344337e-15 -4.911550593869211e-10
120 3.2799470668650366 0.027167529749379946 0.00013849151515928123 0.0003715186470863996 4.551914400963142e-15 -4.1519447992535707e-10
130 3.551623525260525 0.027159508025141523 0.00014918725294163645 0.0004148812773420163 4.773959005888173e-15 -4.809441195990916e-10
140 3.8233048580012348 0.02716169701118084 0.00015997619685391394 0.00040329523695992187 5.2735593669694936e-15 -6.133624614512907e-10
150 4.094994397733016 0.027170512383684238 0.00017095333488845372 0.0004430817501772655 5.440092820663267e-15 -6.746009159069988e-10
160 4.366690339263278 0.02717793430445517 0.0001820363929004439 0.00047613492551779046 5.88418203051333e-15 -5.978911532533715e-10
170 4.6383853247442675 0.027175817678981376 0.0001930450118418293 0.0004814184144611433 6.217248937900877e-15 -4.6472568935446157e-10
180 4.910071717357696 0.02716605105607028 0.00020391280609332387 0.0005308938379455785 6.938893903907228e-15 -4.1962426648520664e-10
190 5.1817565631323665 0.027159943652285364 0.0002147029739135849 0.0005638147786738434 7.271960811294775e-15 -5.08893702737712e-10
200 5.453445169299162 0.027163605109782912 0.0002255709078103637 0.0005498782692101578 7.66053886991358e-15 -6.35679267904643e-10
210 5.725143714290261 0.027173368804697583 0.0002365777376972992 0.000600311214931204 7.993605777301127e-15 -6.66098558688849e-10
220 5.99684651931891 0.027178977334313435 0.0002476453449679172 0.0006271998150245706 8.493206138382448e-15 -5.670516550508658e-10
230 6.268545947972804 0.027174830325504128 0.0002586488998869685 0.0006488901431320748 8.93729534823251e-15 -4.440384433843786e-10
240 6.540238410753921 0.02716440711641416 0.0002695255023462616 0.0006972427596261266 9.103828801926284e-15 -4.2979404063503424e-10
250 6.811928666253355 0.027160520549838207 0.000280362061754775 0.0007025497205672693 9.43689570931383e-15 -5.382545558487448e-10
260 7.083626336938329 0.02716608667390112 0.000291266486133053 0.0007130658497236375 9.880984919163893e-15 -6.523676636092655e-10
270 7.355331400893312 0.027175700227400876 0.000302284806552517 0.000758577375960634 1.0380585280245214e-14 -6.512251996340646e-10
280 7.627040509394968 0.027179754503106696 0.0003133379699530616 0.0007650481172838397 1.0547118733938987e-14 -5.358582327863459e-10
290 7.898743929830888 0.027173254037650852 0.00032432033960944247 0.000810820176516458 1.0880185641326534e-14 -4.2912680514660275e-10
300 8.170440651168736 0.027163476072312842 0.00033520168482620354 0.0008640290924463168 1.149080830487037e-14 -4.4565393071169083e-10
310 8.44213807746385 0.027161411388316462 0.00034605632512050346 0.0008532174875939269 1.1879386363489175e-14 -5.670858140710555e-10
320 8.713841958258692 0.0271685673295645 0.0003569882364324817 0.0008849355793262292 1.2323475573339238e-14 -6.629030646892325e-10
330 8.985555042804835 0.02717795378451216 0.00036800806461502114 0.0009222974722200572 1.2490009027033011e-14 -6.312674661661252e-10
340 9.257267985694908 0.02717968033835034 0.0003790472138821915 0.0009233329849075433 1.326716514427062e-14 -5.059856973514687e-10
350 9.52897546623651 0.0271717381646235 0.0003900088483175524 0.0009607690611073139 1.326716514427062e-14 -4.2059116345943837e-10
360 9.800676522721623 0.027162647568663243 0.00040088515754096283 0.001025049838573877 1.3655743202889425e-14 -4.664095249747686e-10
370 10.072379655528797 0.027162851397720376 0.0004117550417994793 0.0010034094773407887 1.4377388168895777e-14 -5.939985836221628e-10
380 10.34409117168731 0.027171066311152924 0.0004226984522223278 0.0010518661278505759 1.4710455076283324e-14 -6.665973311531515e-10
390 10.615809114741854 0.027179673552525336 0.00043372417311562906 0.0010851377831767595 1.4932499681208355e-14 -6.069661093177636e-10
400 10.887527296391635 0.02717924394991896 0.00044474306606741634 0.00106857503932134 1.5432100042289676e-14 -4.788806718290281e-10
410 11.159236732225558 0.027169769621369494 0.00045568696838197304 0.0011244851251962507 1.5709655798445965e-14 -4.1891011655873785e-10
420 11.430942834308427 0.02716246583505862 0.0004665567723746982 0.0011742153193831095 1.63202784619898e-14 -4.90934719959979e-10
430 11.702651602853905 0.027164409597863075 0.00047743534671443604 0.001159105588103504 1.6431300764452317e-14 -6.176160986717111e-10
440 11.974369183481016 0.02717378564710879 0.0004883925922727508 0.001207645772520194 1.6986412276764895e-14 -6.633433359381146e-10
450 12.246092733518998 0.027180842530979715 0.0004994119588762627 0.0012330014575276937 1.7430501486614958e-14 -5.79517625348084e-10
460 12.517813042599833 0.027178182386374712 0.0005104172837090315 0.001243567017794156 1.7541523789077473e-14 -4.558230685264286e-10
470 12.78952626928055 0.027167892303815395 0.0005213384552595974 0.0012792265881282905 1.815214645262131e-14 -4.2409590622009396e-10
480 13.061235629988772 0.027162393425431943 0.0005322048504834743 0.0013056990413040648 1.865174681370263e-14 -5.178852535099679e-10
490 13.33295082963336 0.027166574900576137 0.0005430928697921048 0.0013139509757345014 1.8984813721090177e-14 -6.366682190131479e-10
500 13.604673785973791 0.027176145641196376 0.0005540588131675088 0.0013572475062717526 1.9317880628477724e-14 -6.533664945879147e-10
510 13.876401219997403 0.0271817132575921 0.0005650732735002662 0.0013603390666215853 1.9761969838327786e-14 -5.5039255138656e-10
520 14.148124268801835 0.02717656384667489 0.0005760560390451675 0.0014087581666016868 2.015054789694659e-14 -4.37917720474615e-10
530 14.419839191144083 0.027166377741792484 0.0005869612341395739 0.0014638836404813338 2.0539125955565396e-14 -4.357391600318117e-10
540 14.6915536249268 0.02716284739888862 0.0005978221283018994 0.0014505648018110495 2.09277040141842e-14 -5.457473292724835e-10
550 14.96327323357187 0.027168733852518584 0.000608721794691194 0.0014810802667478695 2.120525977034049e-14 -6.50130641635617e-10
560 15.235002109272111 0.02717853958215255 0.000619693672783596 0.0015263016895440407 2.1649348980190553e-14 -6.372691881573883e-10
570 15.50673221614058 0.027181763578264465 0.0006307000434668913 0.0015288314617938337 2.2037927038809357e-14 -5.211774451677892e-10
580 15.77845677590098 0.027174852277246416 0.0006416611379844992 0.001556500580893183 2.2426505097428162e-14 -4.2603888009162295e-10
590 16.050174427673383 0.02716508656456263 0.0006525472837081777 0.0016351353120078738 2.2870594307278225e-14 -4.530646111720452e-10
600 16.321892043820473 0.027163718628030027 0.0006634081692902415 0.0016054354633238122 2.3314683517128287e-14 -5.729002333296207e-10
610 16.59361758098847 0.02717112961487622 0.0006743144798067093 0.00166015992926416 2.3703261575747092e-14 -6.572773297852663e-10
620 16.865349775754755 0.027180356095796637 0.0006852939264366903 0.0016956556242959664 2.398081733190338e-14 -6.160034163444021e-10
630 17.137083107575258 0.027181485289467653 0.0006962869959596513 0.001677772950089862 2.4369395390522186e-14 -4.934836624195835e-10
640 17.40880803919496 0.027172621619900444 0.0007072267669291213 0.0017339196649452937 2.481348460037225e-14 -4.2073546556442576e-10
650 17.680528054078852 0.02716437632546155 0.0007180968119971966 0.0017866188054066479 2.5091040356528538e-14 -4.749761404500286e-10
660 17.952249735152897 0.027164845936029258 0.0007289560296767717 0.0017684583759555172 2.5757174171303632e-14 -5.977751271703346e-10
670 18.223979197161523 0.027173671258462043 0.0007398734393950403 0.0018201230540000335 2.5923707624997405e-14 -6.577243554753854e-10
680 18.495715654833973 0.02718176551580117 0.0007508521031753525 0.0018420663307988638 2.6478819137309983e-14 -5.907959911219396e-10
690 18.767449448483482 0.02718044478698821 0.0007618333799446248 0.0018448653780795965 2.6700863742235015e-14 -4.688431646225361e-10
700 19.039175952999614 0.027170481376589024 0.0007727489936195091 0.0018887682963417696 2.6978419498391304e-14 -4.221902227430888e-10
710 19.31089741284207 0.027163753920113776 0.0007836063699397966 0.00191245888696423 2.7533531010703882e-14 -5.001266466936327e-10
720 19.58262313747798 0.027166625926137736 0.0007944684285913115 0.0019256184317044678 2.7977620220553945e-14 -6.189259538907921e-10
730 19.854356731255862 0.0271760135111274 0.0008053937659633966 0.001954933378074619 2.8199664825478976e-14 -6.514798136688629e-10
740 20.126095183997407 0.027182751227881496 0.0008163715435613906 0.0019607437162085795 2.864375403532904e-14 -5.631070331252823e-10
750 20.397830252560084 0.02717888240870108 0.0008273336582373952 0.0020003751675080617 2.90878432451791e-14 -4.4858270049907834e-10
760 20.66955635652357 0.027168508910671588 0.0008382290937921132 0.0020611209691282495 2.964295475749168e-14 -4.3019421532008995e-10
770 20.94128070672805 0.0271637321597382 0.0008490748100706318 0.0020447358439491525 3.008704396734174e-14 -5.269971628560016e-10
780 21.213009187241376 0.027168450963139246 0.0008599430077178098 0.002074364879629975 3.0253577421035516e-14 -6.351377978647222e-10
790 21.4847467737752 0.027178455817163882 0.0008708753325130474 0.0021290748627681433 3.0531133177191805e-14 -6.389399551977315e-10
800 21.756486724912975 0.027182965266756526 0.0008818481728217626 0.0021392908505892816 3.086420008457935e-14 -5.345146513444955e-10
810 22.02822121905592 0.027177036114374192 0.0008927902394931228 0.002156013239033694 3.114175584073564e-14 -4.3377629293935647e-10
820 22.299948325183543 0.02716684508177438 0.000903663463382709 0.002244421357056048 3.164135620181696e-14 -4.44160685010922e-10
830 22.571673701708264 0.027164074493220104 0.0009145034653448328 0.0022168113307291515 3.2085445411667024e-14 -5.539678021859729e-10
840 22.843406297448944 0.027170652693336204 0.0009253758397908654 0.0022674015460600883 3.2585045772748344e-14 -6.455022141372725e-10
850 23.11514583038241 0.027180344213353306 0.0009363161211657918 0.002306488202096002 3.2862601528904634e-14 -6.208720324758272e-10
860 23.386887211730038 0.02718283494164828 0.0009472790641690489 0.002290054587550494 3.314015728506092e-14 -5.066428457323191e-10
870 23.65862057578191 0.027174641221208364 0.00095819991180715 0.002343391913673387 3.347322419244847e-14 -4.25155642462538e-10
880 23.930347730697793 0.027165638570779867 0.0009690538788501499 0.0023996934090749766 3.397282455352979e-14 -4.6315351133203347e-10
890 24.20207548924653 0.027164773525216603 0.0009798879582448377 0.0023772189752775397 3.430589146091734e-14 -5.794491942610067e-10
900 24.473810156798 0.027172999653670992 0.0009907694090664986 0.002433038871612836 3.4638958368304884e-14 -6.494617474026021e-10
910 24.745552499212845 0.02718192115311734 0.001001711061518404 0.0024527327727993375 3.519406988061746e-14 -5.983582556843246e-10
920 25.017292877854768 0.027181860517529684 0.0010126637170596268 0.0024555705707408615 3.530509218307998e-14 -4.810554351405002e-10
930 25.289025786367674 0.02717228322636999 0.0010235606114597526 0.0024999542743493475 3.574918139293004e-14 -4.2307980491380903e-10
940 25.560752622533727 0.027164530501645256 0.0010343983328499398 0.00252118494805309 3.6193270602780103e-14 -4.859538899754101e-10
950 25.8324822715064 0.027166148815336934 0.0010452317754365166 0.0025380500126008787 3.6692870963861424e-14 -6.019446508286736e-10
960 26.10421970853593 0.027175277847322647 0.0010561203127151806 0.0025653397731069116 3.697042672001771e-14 -6.468509885347287e-10
970 26.37596242011618 0.027183022449591587 0.001067062756409297 0.0025654207717336064 3.7414515929867775e-14 -5.727409484179713e-10
980 26.64770256716422 0.02718036202176564 0.001077998355308455 0.002603231625951552 3.808064974464287e-14 -4.5914501888011383e-10
990 26.919433224088245 0.027169951876082673 0.001088873665861215 0.00265574985562933 3.8191672047105385e-14 -4.2751295040758664e-10
1000 27.19116087008988 0.027164045591153083 0.0010996969024112161 0.002648827802904541 3.863576125695545e-14 -5.111392758025022e-10
1010 27.462891649714685 0.02716763334866182 0.0011105334115049808 0.0026706260530456882 3.8913317013111737e-14 -6.201662308691347e-10
1020 27.7346313080919 0.027177713383328885 0.0011214288819184474 0.0027301031376973928 3.93574062229618e-14 -6.378993339410319e-10
1030 28.006374309558485 0.027183396610940887 0.0011323680430562956 0.0027489411335083203 3.957945082788683e-14 -5.455155549335623e-10
1040 28.278112074278468 0.027178445295877082 0.001143284812709338 0.0027593963410039724 4.0023540037736893e-14 -4.4207575425857237e-10
1050 28.549841971765467 0.027167954226666086 0.0011541368302073237 0.0028524593415016897 4.04121180963557e-14 -4.3803431194755493e-10
1060 28.821568682976668 0.027163891788418198 0.001164951175751432 0.0028282379727373463 4.063416270128073e-14 -5.371596229851569e-10
1070 29.093301780162154 0.027169596159358003 0.0011757900991273898 0.002873092606432981 4.118927421359331e-14 -6.3310314594328e-10
1080 29.36504205665815 0.02717964628636518 0.00118669340468104 0.0029169067571749308 4.1522341120980855e-14 -6.232087181382018e-10
1090 29.63678483999345 0.027183406719799408 0.0011976244875188508 0.002902977200240353 4.191091917959966e-14 -5.182532927111572e-10
1100 29.90852002366449 0.027175942257505258 0.0012085205558102778 0.0029521281507811636 4.213296378452469e-14 -4.3069105137657476e-10
1110 30.180247879139465 0.02716630466323526 0.0012193517836295766 0.0030129894603979634 4.2799097599299785e-14 -4.538651899819448e-10
1120 30.451975251947765 0.027164180097074542 0.0012301577598723475 0.002984702187524002 4.318767565791859e-14 -5.624595060538251e-10
1130 30.723708685515504 0.02717172683085927 0.0012410041173539152 0.0030458711813975414 4.3520742565306136e-14 -6.400729085209028e-10
1140 30.99545032105116 0.027181350876456477 0.0012519096961652952 0.003064503544233377 4.4020342926387457e-14 -6.03711923234489e-10
1150 31.267190744583843 0.027182525312832446 0.0012628315051001595 0.003065869594619186 4.4353409833775004e-14 -4.924974189319392e-10
1160 31.538923584041253 0.02717341176170516 0.0012737040205940229 0.0031119194959945418 4.4797499043625066e-14 -4.254832371847206e-10
1170 31.8106494182722 0.02716474895150189 0.0012845171084718808 0.0031318572535382616 4.524158825347513e-14 -4.739338859511763e-10
1180 32.082376638549185 0.027165120759622595 0.001295320127388922 0.0031507695069427077 4.5630166312093934e-14 -5.855461106344245e-10
1190 32.35411146598874 0.02717390302973934 0.0013061726868004117 0.003177415095032443 4.6129766673175254e-14 -6.407704514557744e-10
1200 32.625851958505294 0.027182559582125173 0.001317079836897235 0.0031770092939442662 4.6407322429331543e-14 -5.806125216029079e-10
1210 32.89759070290007 0.02718111783309612 0.0013279859932046553 0.0032147551091380455 4.6906922790412864e-14 -4.696563621030642e-10
1220 33.169319581493426 0.027170781899674423 0.0013388363601811832 0.003246516714165981 4.718447854656915e-14 -4.2656696502383783e-10
1230 33.441044226697464 0.027163818209467144 0.0013496332595168815 0.003259701419671801 4.7684078907650473e-14 -4.969436199347976e-10
1240 33.71277100650136 0.0271662464135052 0.001360437158923173 0.003279462220770246 4.807265696626928e-14 -6.051030108835537e-10
1250 33.984506344607986 0.027176293493510802 0.0013712962414531753 0.0033279916098616358 4.8627768478581856e-14 -6.35264304953991e-10
1260 34.25624598751872 0.027183094512076605 0.001382201032210163 0.003356932487273978 4.8960835385969403e-14 -5.552864879064881e-10
1270 34.52798068127127 0.027179178097814713 0.0013930893308547925 0.0033721296129519684 4.929390229335695e-14 -4.509411342598635e-10
1280 34.79970711954897 0.027168495999247234 0.0014039159235197014 0.003458246385800945 4.979350265443827e-14 -4.3368366972558253e-10
1290 35.071428977540656 0.02716317895411103 0.0014147018772340406 0.0034389754824131202 4.9960036108132044e-14 -5.214518589066187e-10
1300 35.343156304758764 0.02716793942422541 0.001425506705071532 0.003475866989928744 5.040412531798211e-14 -6.200556014815395e-10
1310 35.61489101477853 0.027178242051433873 0.0014363732040337449 0.003526010105951216 5.079270337660091e-14 -6.239925364609489e-10
1320 35.88662886121773 0.027183256320705396 0.0014472711113668888 0.003516382248204164 5.1181281435219717e-14 -5.292160741596738e-10
1330 36.15835967501451 0.02717662411519069 0.0014581392275228693 0.0035588882981527625 5.156985949383852e-14 -4.372744623507444e-10
1340 36.43008208011084 0.02716644083332498 0.0014689442154799798 0.0036262179409883855 5.190292640122607e-14 -4.4622190491228064e-10
1350 36.701802939827544 0.02716305771660844 0.0014797199748907389 0.0035894819912192233 5.2458037913538647e-14 -5.459821282149252e-10
1360 36.97352894475415 0.027169815397605834 0.0014905308579485895 0.003657975574943517 5.2735593669694936e-14 -6.296262672228165e-10
1370 37.24526360179552 0.027180057078356513 0.0015013999944540847 0.0036774170275316598 5.3179682879545e-14 -6.077161302940788e-10
1380 37.51699790012315 0.02718249659297762 0.0015122893143118194 0.0036746384179872082 5.3512749786932545e-14 -5.038793323558499e-10
1390 37.78872455036807 0.027173974542022337 0.0015231344370526796 0.0037243770973648394 5.417888360170764e-14 -4.2926194424117853e-10
1400 38.06044340763862 0.027164470312105837 0.0015339199974871215 0.0037453213501447147 5.42343947529389e-14 -4.632798348903248e-10
1410 38.332162096992164 0.02716354209735408 0.0015446910426280607 0.003763309048230079 5.4567461660326444e-14 -5.690866606081202e-10
1420 38.60388820885154 0.027171888612690372 0.0015555071172084604 0.003791660892229154 5.5067062021407764e-14 -6.333829589283413e-10
1430 38.87562028161421 0.02718135907547832 0.0015663782797287304 0.0037876614409158016 5.5289106626332796e-14 -5.874734863993782e-10
1440 39.14735153580706 0.02718123063688389 0.0015772530622168777 0.0038276288367485867 5.595524044110789e-14 -4.806563330571258e-10
1450 39.41907270586835 0.027171086970954723 0.001588075776205855 0.00383879662721609 5.623279619726418e-14 -4.271565757357765e-10
1460 39.69078838229905 0.027163110841558147 0.001598844012936747 0.0038736350474848358 5.651035195342047e-14 -4.83716513892396e-10
1470 39.962505222643856 0.02716428397111296 0.0016096140484453555 0.0038863248735800937 5.689893001203927e-14 -5.894617781012067e-10
1480 40.23423008595667 0.027174162688247166 0.001620436122514741 0.003919715026049708 5.723199691942682e-14 -6.312443519014121e-10
1490 40.50596035512507 0.02718208237702671 0.0016313054456119525 0.003961402994653529 5.773159728050814e-14 -5.644871887630631e-10
1500 40.777685985408496 0.027179311879548335 0.0016421633581614227 0.003983981619789301 5.806466418789569e-14 -4.607705399682898e-10
1510 41.0494031212824 0.027168572369189826 0.0016529620916835893 0.004059518669102258 5.845324224651449e-14 -4.3086074483949326e-10
1520 41.32111430581489 0.02716198131417203 0.0016637176207370387 0.004047650478089193 5.873079800267078e-14 -5.062363189235752e-10
1530 41.59282987452842 0.027165674591044336 0.0016744874190529062 0.004072891875436246 5.928590951498336e-14 -6.060023559351091e-10
1540 41.86455306004381 0.02717609821639558 0.0016853162365641178 0.004132016143564621 5.939693181744587e-14 -6.234740360555098e-10
1550 42.13627992233983 0.02718240259070586 0.0016961797237393895 0.00412982570276943 6.000755448098971e-14 -5.40108207594274e-10
1560 42.40800063777904 0.027176779075455907 0.0017070179167217206 0.004161332980951449 6.0285110237146e-14 -4.4518983638441867e-10
1570 42.67971179073768 0.027166136568771333 0.0017177947161341324 0.004238549833846306 6.045164369083977e-14 -4.3994406555281085e-10
1580 42.95142037502884 0.027161456783880083 0.0017285385864290181 0.004195691579550465 6.106226635438361e-14 -5.294803061184137e-10
1590 43.223133068285925 0.02716723868218449 0.0017393129431003311 0.004267952460866309 6.145084441300241e-14 -6.178642165770559e-10
1600 43.49485475762507 0.027178013571588923 0.0017501445599104762 0.004291313491351589 6.200595592531499e-14 -6.106511097562356e-10
1610 43.76657717435074 0.02718180391706094 0.0017609999437753815 0.004279763284771643 6.222800053024002e-14 -5.157074528972395e-10
1620 44.03829187380417 0.027174072281142304 0.001771815977727348 0.004336614232181235 6.261657858885883e-14 -4.346126127705735e-10
1630 44.30999824070508 0.027163795026959436 0.0017825722328869264 0.004362533116403444 6.300515664747763e-14 -4.536902667787168e-10
1640 44.58170260391318 0.027161442432770234 0.0017933099442903966 0.004374523303302791 6.356026815979021e-14 -5.520878875592272e-10
1650 44.85341417862674 0.027169185923426355 0.0018040882877706735 0.00440846556095531 6.405986852087153e-14 -6.245102500066613e-10
1660 45.12513200969757 0.027179388981059073 0.001814922313194346 0.004395565487350983 6.417089082333405e-14 -5.93621751613508e-10
1670 45.396850037254566 0.02718074749991077 0.001825764225888488 0.004441537573588006 6.461498003318411e-14 -4.926015775841286e-10
1680 45.668558052784775 0.027170964794500593 0.0018365577298807153 0.004454964483690316 6.472600233564663e-14 -4.2941410757085796e-10
1690 45.94025914414412 0.02716201270939585 0.0018472958863140515 0.004487684405140802 6.533662499919046e-14 -4.711438025667126e-10
1700 46.21196052360982 0.027161778441428145 0.0018580306772966405 0.004503646439230624 6.566969190657801e-14 -5.72806075710636e-10
1710 46.48366901232561 0.027171279286866273 0.0018688144950709138 0.004500070715222848 6.611378111642807e-14 -6.257130065814853e-10
1720 46.75538421635906 0.027180368114725798 0.0018796469137810864 0.004558842331700785 6.677991493120317e-14 -5.734283667476955e-10
1730 47.027095230921454 0.027178899224869085 0.001890473202878696 0.004593050875299376 6.716849298982197e-14 -4.71983208617888e-10
1740 47.29879760558503 0.02716829142716626 0.0019012426701418247 0.004652111720091279 6.733502644351574e-14 -4.296556368067056e-10
1750 47.57049279285009 0.02716038378608022 0.001911966479783004 0.004651527451305371 6.772360450213455e-14 -4.911854811773253e-10
1760 47.84219089649644 0.027162810637787433 0.0019226999794923199 0.004660671438479369 6.827871601444713e-14 -5.905322248393949e-10
1770 48.11389700199006 0.02717318273035725 0.0019334895865191321 0.004731504325137248 6.850076061937216e-14 -6.215674780864999e-10
1780 48.38560711940059 0.027180824221942932 0.0019443173727984682 0.004741741876703287 6.88338275267597e-14 -5.51256549088941e-10
1790 48.65731244094235 0.02717654558134308 0.001955124317384574 0.004755245400240415 6.927791673660977e-14 -4.5484001200829516e-10
1800 48.92900702313746 0.027165499788912313 0.001965872004645245 0.0048477606203156665 6.961098364399732e-14 -4.3508898764490827e-10
1810 49.20069790786978 0.027159455516660658 0.00197658265832178 0.00481134194951649 7.005507285384738e-14 -5.126080026827983e-10
1820 49.47239188134628 0.027163993002985488 0.0019873187810108338 0.004872759590229814 7.044365091246618e-14 -6.043865434166018e-10
1830 49.74409484511163 0.02717516540214093 0.0019981116304955185 0.004904860325705918 7.09432512735475e-14 -6.124590668063652e-10
1840 50.0 0.011380367118263734 0.0020078516359354095 0.004869467981523323 7.122080702970379e-14 -5.962578553572278e-10
